#centrality dS/dy Npart_min Npart_max b_min(fm) b_max(fm)
0.0 1000000.0 500.0 500.0 0.0 0.0
0.001 9.9715023 4.0 9.0 0.40992652 1.9583062
0.002 9.634759 5.0 10.0 0.27751306 1.9363198
0.003 9.1475729 3.0 9.0 0.37954022 1.3202194
0.004 9.0151231 3.0 8.0 0.17365011 2.6319804
0.005 8.7241408 2.0 11.0 0.23922358 2.9895595
0.006 8.5996438 4.0 8.0 0.26826617 2.391535
0.007 8.5033487 4.0 9.0 0.47431224 1.6128888
0.008 8.3929156 3.0 9.0 0.3132665 2.636404
0.009 8.2010469 3.0 9.0 0.55361396 3.0625674
0.01 8.113971 3.0 8.0 0.17977716 2.6610057
0.02 7.6046904 3.0 11.0 0.22018517 2.9530352
0.03 7.3297123 3.0 9.0 0.25098646 3.9689237
0.04 7.115193 2.0 10.0 0.009301869 4.4677992
0.05 6.9559882 3.0 10.0 0.20319609 3.8344035
0.06 6.8235154 3.0 10.0 0.065686835 3.3378517
0.07 6.7027032 2.0 10.0 0.0993281 3.11676
0.08 6.5970233 3.0 10.0 0.070191473 3.7844856
0.09 6.5107397 3.0 10.0 0.09506113 2.8438186
0.1 6.4207124 3.0 9.0 0.17519371 2.8034794
0.2 5.89285 2.0 10.0 0.071699229 4.1317128
0.3 5.5782899 2.0 10.0 0.051804275 4.094474
0.4 5.3556861 2.0 10.0 0.023224889 4.8108968
0.5 5.1857835 2.0 9.0 0.037080563 4.943883
0.6 5.0437267 2.0 11.0 0.045431377 5.5402332
0.7 4.9138972 2.0 9.0 0.065056505 4.6584133
0.8 4.8096503 2.0 10.0 0.044208651 4.0317468
0.9 4.7208533 2.0 10.0 0.050280436 4.3972369
1.0 4.6356324 2.0 10.0 0.030045342 4.3414336
2.0 4.0854753 2.0 10.0 0.012645206 6.2347723
3.0 3.7565344 2.0 10.0 0.0081275416 5.7341091
4.0 3.5210149 2.0 10.0 0.0062963496 5.9710782
5.0 3.3382287 2.0 9.0 0.02195773 6.4932823
6.0 3.1851055 2.0 10.0 0.0090376055 5.9873975
7.0 3.0541198 2.0 9.0 0.014052082 5.7852946
8.0 2.9417918 2.0 9.0 0.021391436 5.8946305
9.0 2.8412786 2.0 10.0 0.006804907 5.7127273
10.0 2.750764 2.0 9.0 0.023762417 6.2466678
11.0 2.6677278 2.0 8.0 0.012326665 5.9101731
12.0 2.5924259 2.0 9.0 0.020758049 5.9889386
13.0 2.5230384 2.0 10.0 0.010394761 6.5660082
14.0 2.4576262 2.0 9.0 0.040034019 6.5507139
15.0 2.3971915 2.0 8.0 0.031873005 6.2695415
16.0 2.3405932 2.0 8.0 0.026067624 5.936475
17.0 2.2867111 2.0 8.0 0.026977411 6.7544506
18.0 2.236131 2.0 8.0 0.021981577 6.1625048
19.0 2.1876771 2.0 8.0 0.02864341 6.1395966
20.0 2.1416486 2.0 8.0 0.0097599951 6.4198718
21.0 2.0973945 2.0 8.0 0.024483156 7.2273662
22.0 2.0553739 2.0 7.0 0.037713597 6.6191271
23.0 2.0145377 2.0 8.0 0.020843853 6.0964467
24.0 1.9758386 2.0 8.0 0.011853242 6.4543956
25.0 1.9381913 2.0 8.0 0.025544695 6.6725297
26.0 1.9014754 2.0 8.0 0.023870362 6.1395073
27.0 1.8663122 2.0 7.0 0.024177856 6.7138062
28.0 1.8329694 2.0 7.0 0.043691984 6.246308
29.0 1.7997814 2.0 7.0 0.021727722 7.293172
30.0 1.767589 2.0 8.0 0.046202818 6.1829753
31.0 1.7363723 2.0 8.0 0.018402958 6.1680899
32.0 1.7063897 2.0 7.0 0.021764804 6.1178144
33.0 1.6771943 2.0 8.0 0.034412463 6.0529387
34.0 1.6480775 2.0 8.0 0.016336934 6.7746857
35.0 1.6204169 2.0 7.0 0.026254215 6.3672009
36.0 1.5930022 2.0 8.0 0.019264515 6.4646878
37.0 1.5667308 2.0 7.0 0.018024845 5.9636694
38.0 1.5404501 2.0 7.0 0.013836976 6.2777837
39.0 1.514993 2.0 7.0 0.032120827 6.5367041
40.0 1.4899938 2.0 7.0 0.050267529 7.0196427
41.0 1.4657275 2.0 7.0 0.043921652 6.4528631
42.0 1.4421504 2.0 8.0 0.018388962 6.9492164
43.0 1.4183571 2.0 6.0 0.059679698 6.5184124
44.0 1.3949252 2.0 6.0 0.023619486 6.2091246
45.0 1.3728083 2.0 6.0 0.017840879 6.1024172
46.0 1.3503555 2.0 7.0 0.063360559 6.3857396
47.0 1.3283973 2.0 7.0 0.048752695 6.3377943
48.0 1.3068711 2.0 6.0 0.041374772 6.3744014
49.0 1.2857349 2.0 6.0 0.03181848 6.4904297
50.0 1.264794 2.0 7.0 0.039296402 6.546941
51.0 1.2442083 2.0 6.0 0.069538153 6.1589248
52.0 1.223983 2.0 6.0 0.046094475 6.7579915
53.0 1.2039805 2.0 6.0 0.032914636 6.43996
54.0 1.184226 2.0 6.0 0.022221333 6.4546827
55.0 1.1644276 2.0 6.0 0.010359729 6.5542859
56.0 1.1448296 2.0 7.0 0.023148417 6.1841743
57.0 1.1255815 2.0 6.0 0.059574833 6.27917
58.0 1.1064212 2.0 6.0 0.034690084 6.4285459
59.0 1.0874787 2.0 7.0 0.049110144 6.6867984
60.0 1.0684473 2.0 6.0 0.085456338 6.5879557
61.0 1.0500631 2.0 6.0 0.067797664 6.4411492
62.0 1.0320269 2.0 6.0 0.031800458 6.43238
63.0 1.0138942 2.0 6.0 0.042247695 6.2837375
64.0 0.99539157 2.0 6.0 0.020199252 6.7570478
65.0 0.97731862 2.0 6.0 0.030124778 6.8438321
66.0 0.95927561 2.0 6.0 0.090280365 6.4757144
67.0 0.94122795 2.0 5.0 0.023569197 6.4668194
68.0 0.9235236 2.0 6.0 0.010104034 6.4088618
69.0 0.90594422 2.0 6.0 0.07237148 6.4339975
70.0 0.88842121 2.0 6.0 0.020344637 6.711149
71.0 0.87080289 2.0 6.0 0.033998353 6.684806
72.0 0.85323075 2.0 6.0 0.015706846 6.344748
73.0 0.83584661 2.0 5.0 0.044915034 6.263061
74.0 0.81833552 2.0 5.0 0.0058643869 6.5430843
75.0 0.80062477 2.0 5.0 0.076537097 6.9820436
76.0 0.78275456 2.0 5.0 0.022422017 6.2501907
77.0 0.7652789 2.0 5.0 0.095023624 6.4050367
78.0 0.7475694 2.0 5.0 0.071218532 6.7121721
79.0 0.72945209 2.0 6.0 0.03889183 6.4914247
80.0 0.71172356 2.0 5.0 0.099323235 6.4936018
81.0 0.69355553 2.0 5.0 0.023761585 6.3402661
82.0 0.67498002 2.0 5.0 0.0087326294 6.5004458
83.0 0.65648412 2.0 5.0 0.071281429 6.5246883
84.0 0.63775059 2.0 6.0 0.042891818 6.3217435
85.0 0.61861686 2.0 5.0 0.05269049 6.6074405
86.0 0.59881811 2.0 5.0 0.013502529 6.5432257
87.0 0.57853333 2.0 5.0 0.042339049 6.5922669
88.0 0.55823943 2.0 5.0 0.038087358 6.5989604
89.0 0.53713959 2.0 5.0 0.036896438 6.2205829
90.0 0.51555939 2.0 5.0 0.014878797 6.4344044
91.0 0.49299552 2.0 4.0 0.055784937 6.7168025
92.0 0.46931648 2.0 5.0 0.046408537 7.0885864
93.0 0.44451231 2.0 4.0 0.045675787 6.3466724
94.0 0.418226 2.0 5.0 0.029920702 6.0581204
95.0 0.38964391 2.0 5.0 0.064549288 6.5169802
96.0 0.35837191 2.0 4.0 0.056915797 6.8030963
97.0 0.32280798 2.0 4.0 0.058692949 6.8823567
98.0 0.27927227 2.0 5.0 0.017210235 6.6247738
99.0 0.22126303 2.0 4.0 0.02612487 6.2753796
100.0 0.0067802359 2.0 3.0 0.038729129 6.4568515
