0.01  0  6.07062   0  6.46261  0  1.56515e-05   0  108.255  0  0   0  0  0
0.01  1  -2.20838e-05   8.12411e-05  2.89249e-05  -0.0011427  -0.000616955   -5.80828e-05  -0.000181413  0.00260937  0   0  0  0
0.01  2  0.348434   0.0021241  -0.364193  -0.00209776  -0.00207972   0.357205  0.0156786  -0.000462977  0   0  0  0
0.01  3  -4.65252e-06   0.000108024  2.98712e-05  -0.000148072  -0.000150158   -2.04084e-05  -4.9711e-05  0.000185331  0   0  0  0
0.02  0  6.0641   0  7.40202  0  -6.03862e-05   0  105.583  0  0   0  0  0
0.02  1  -6.16229e-05   0.000196944  -0.000116138  -0.00232898  -0.00123695   -0.000107145  0.000107315  0.00439253  0   0  0  0
0.02  2  0.35747   0.00212417  -0.406396  -0.00235002  -0.00215493   0.385546  0.0311484  -0.000145222  0   0  0  0
0.02  3  -5.13084e-05   0.000309568  0.000132776  -0.000372243  -0.000407781   -0.000108608  -7.21935e-05  0.000248496  0   0  0  0
0.03  0  6.05758   0  8.34143  0  -0.000136424   0  102.91  0  0   0  0  0
0.03  1  -0.000101162   0.000312647  -0.0002612  -0.00351526  -0.00185694   -0.000156207  0.000396043  0.00617569  0   0  0  0
0.03  2  0.366505   0.00212423  -0.448599  -0.00260228  -0.00223013   0.413887  0.0466183  0.000172532  0   0  0  0
0.03  3  -9.79643e-05   0.000511113  0.00023568  -0.000596414  -0.000665405   -0.000196807  -9.46761e-05  0.000311661  0   0  0  0
0.04  0  6.04935   0  9.33871  0  -0.000213392   0  99.9773  0  0   0  0  0
0.04  1  -0.000140752   0.000422899  -0.000405239  -0.00464497  -0.00244724   -0.000198515  0.000646217  0.00778586  0   0  0  0
0.04  2  0.375745   0.00212477  -0.489937  -0.00285742  -0.00231917   0.442366  0.0520213  0.000472  0   0  0  0
0.04  3  -0.000144808   0.000705964  0.000336032  -0.000799775  -0.00090171   -0.000283377  -9.49078e-05  0.000313205  0   0  0  0
0.05  0  6.03199   0  10.6174  0  -0.000293522   0  95.7156  0  0   0  0  0
0.05  1  -0.000180349   0.000503492  -0.000543209  -0.00547458  -0.00287928   -0.000205816  0.000695749  0.00848996  0   0  0  0
0.05  2  0.385942   0.00212733  -0.526583  -0.00312194  -0.0024766   0.471256  0.00609728  0.000673533  0   0  0  0
0.05  3  -0.000192355   0.000864331  0.000423691  -0.000893638  -0.00102624   -0.000361173  1.7841e-05  2.40741e-06  0   0  0  0
0.06  0  6.01042   0  11.9692  0  -0.000371419   0  90.9723  0  0   0  0  0
0.06  1  -0.000219415   0.000569273  -0.000677151  -0.00617002  -0.0032389   -0.00019916  0.000663523  0.00881266  0   0  0  0
0.06  2  0.396322   0.00212979  -0.560923  -0.00337853  -0.00265437   0.499669  -0.0585115  0.000829358  0   0  0  0
0.06  3  -0.000239616   0.00100436  0.000507412  -0.000940356  -0.00110347   -0.000434781  0.000170717  -0.000418162  0   0  0  0
0.07  0  5.98498   0  13.3503  0  -0.000444806   0  85.8742  0  0   0  0  0
0.07  1  -0.000257636   0.000620704  -0.000806577  -0.00674514  -0.00353245   -0.000181151  0.000563437  0.00880958  0   0  0  0
0.07  2  0.406694   0.0021315  -0.593055  -0.00361966  -0.00284332   0.527199  -0.136945  0.000942865  0   0  0  0
0.07  3  -0.000286206   0.00112656  0.000588793  -0.00094604  -0.00114013   -0.000504448  0.000352437  -0.000916633  0   0  0  0
0.08  0  5.956   0  14.7171  0  -0.000511404   0  80.5483  0  0   0  0  0
0.08  1  -0.000294697   0.000658246  -0.000930999  -0.00721376  -0.00376624   -0.000154393  0.000409389  0.00853634  0   0  0  0
0.08  2  0.416871   0.00213177  -0.623071  -0.00383781  -0.00303432   0.553443  -0.224345  0.00101744  0   0  0  0
0.08  3  -0.000331742   0.00123142  0.000669436  -0.000916798  -0.00114293   -0.000570423  0.000551719  -0.00146113  0   0  0  0
0.09  0  5.92382   0  16.0255  0  -0.000568935   0  75.1214  0  0   0  0  0
0.09  1  -0.000330285   0.00068236  -0.00104993  -0.00758972  -0.00394661   -0.00012149  0.000215277  0.00804859  0   0  0  0
0.09  2  0.426664   0.00212995  -0.651067  -0.00402545  -0.00321822   0.577995  -0.315851  0.00105649  0   0  0  0
0.09  3  -0.00037584   0.00131943  0.00075094  -0.000858737  -0.0011186   -0.000632955  0.00075728  -0.00201979  0   0  0  0
0.1  0  5.88932   0  16.9523  0  -0.000596656   0  70.3355  0  0   0  0  0
0.1  1  -0.000361417   0.000688972  -0.00115881  -0.00792877  -0.00409225   -9.79688e-05  5.34048e-05  0.00760374  0   0  0  0
0.1  2  0.434688   0.00212012  -0.677025  -0.00411775  -0.00332892   0.597214  -0.380446  0.00106095  0   0  0  0
0.1  3  -0.000415469   0.00138566  0.000849413  -0.000799297  -0.00109984   -0.000693383  0.000893206  -0.00237317  0   0  0  0
0.11  0  5.85261   0  17.5783  0  -0.000600524   0  66.0432  0  0   0  0  0
0.11  1  -0.00038897   0.000680567  -0.00125897  -0.00822606  -0.00420398   -8.06704e-05  -8.83812e-05  0.00716742  0   0  0  0
0.11  2  0.441288   0.00210396  -0.70109  -0.00413273  -0.00338267   0.612139  -0.424937  0.00103531  0   0  0  0
0.11  3  -0.000451426   0.00143303  0.000959983  -0.000735072  -0.00108179   -0.000751469  0.000977043  -0.00257304  0   0  0  0
0.12  0  5.81363   0  18.0593  0  -0.000591435   0  61.9328  0  0   0  0  0
0.12  1  -0.000414535   0.000660839  -0.00135283  -0.00846551  -0.0042793   -6.298e-05  -0.000237849  0.00665129  0   0  0  0
0.12  2  0.447129   0.00208451  -0.723439  -0.00410378  -0.00341097   0.624671  -0.463126  0.000984686  0   0  0  0
0.12  3  -0.000485215   0.00146592  0.0010739  -0.000656953  -0.00105263   -0.000806684  0.00104362  -0.00272138  0   0  0  0
0.13  0  5.77263   0  18.4074  0  -0.000570794   0  58.0085  0  0   0  0  0
0.13  1  -0.000438331   0.000631155  -0.00144069  -0.00865261  -0.00432209   -4.49246e-05  -0.000392749  0.00607072  0   0  0  0
0.13  2  0.452261   0.00206215  -0.744189  -0.00403479  -0.00341603   0.635052  -0.495371  0.000912966  0   0  0  0
0.13  3  -0.000516979   0.00148593  0.00118988  -0.000566795  -0.00101389   -0.000859059  0.00109453  -0.0028237  0   0  0  0
0.14  0  5.72983   0  18.6345  0  -0.000540003   0  54.2746  0  0   0  0  0
0.14  1  -0.000460577   0.000592878  -0.00152288  -0.00879283  -0.00433621   -2.65314e-05  -0.000550833  0.0054411  0   0  0  0
0.14  2  0.456733   0.00203723  -0.763457  -0.00392967  -0.00340007   0.643522  -0.522029  0.000824022  0   0  0  0
0.14  3  -0.000546862   0.00149463  0.00130662  -0.000466452  -0.000967107   -0.000908624  0.0011314  -0.00288556  0   0  0  0
0.15  0  5.68548   0  18.7526  0  -0.000500469   0  50.7355  0  0   0  0  0
0.15  1  -0.000481492   0.000547376  -0.00159973  -0.00889165  -0.00432552   -7.82737e-06  -0.00070985  0.00477779  0   0  0  0
0.15  2  0.460597   0.00201014  -0.781361  -0.00379234  -0.00336531   0.65032  -0.543457  0.000721732  0   0  0  0
0.15  3  -0.000575007   0.00149361  0.00142284  -0.000357778  -0.000913826   -0.00095541  0.00115583  -0.00291249  0   0  0  0
0.16  0  5.6398   0  18.7739  0  -0.000453596   0  47.3953  0  0   0  0  0
0.16  1  -0.000501294   0.000496012  -0.00167155  -0.00895455  -0.00429389   1.11605e-05  -0.000867552  0.00409618  0   0  0  0
0.16  2  0.463901   0.00198124  -0.798019  -0.00362671  -0.00331396   0.655687  -0.560014  0.000609971  0   0  0  0
0.16  3  -0.000601559   0.00148447  0.00153723  -0.000242627  -0.000855582   -0.000999448  0.00116942  -0.00291004  0   0  0  0
0.17  0  5.59303   0  18.7102  0  -0.000400789   0  44.2585  0  0   0  0  0
0.17  1  -0.000520204   0.000440152  -0.00173866  -0.008987  -0.00424519   3.04052e-05  -0.00102169  0.00341165  0   0  0  0
0.17  2  0.466696   0.00195089  -0.813548  -0.00343667  -0.00324823   0.659863  -0.572055  0.000492615  0   0  0  0
0.17  3  -0.00062666   0.00146878  0.00164852  -0.000122853  -0.000793913   -0.00104077  0.00117379  -0.00288374  0   0  0  0
0.18  0  5.54665   0  18.6258  0  -0.000351788   0  41.4591  0  0   0  0  0
0.18  1  -0.000540416   0.000390221  -0.00180321  -0.00903264  -0.00420845   4.99209e-05  -0.00114991  0.00287226  0   0  0  0
0.18  2  0.469213   0.00192181  -0.828851  -0.00324331  -0.00318104   0.664689  -0.580338  0.000406093  0   0  0  0
0.18  3  -0.000651341   0.00145867  0.00174492  -1.19198e-05  -0.000741609   -0.00107944  0.00117993  -0.00287535  0   0  0  0
0.19  0  5.50073   0  18.5261  0  -0.00030695   0  38.9851  0  0   0  0  0
0.19  1  -0.000561901   0.000346442  -0.00186527  -0.00909212  -0.00418437   6.96754e-05  -0.0012525  0.00247666  0   0  0  0
0.19  2  0.471479   0.00189406  -0.843945  -0.00304839  -0.00311327   0.670204  -0.585169  0.000350179  0   0  0  0
0.19  3  -0.000675634   0.0014544  0.00182648  8.97809e-05  -0.000698792   -0.00111548  0.00118825  -0.00288586  0   0  0  0
0.2  0  5.45432   0  18.3732  0  -0.000259698   0  36.7165  0  0   0  0  0
0.2  1  -0.000582986   0.000301512  -0.00192345  -0.00913443  -0.00415272   8.96022e-05  -0.00134644  0.00211326  0   0  0  0
0.2  2  0.473371   0.00186579  -0.858198  -0.00283937  -0.00303688   0.675116  -0.586525  0.000297598  0   0  0  0
0.2  3  -0.000698834   0.00144748  0.00190191  0.000191505  -0.000656228   -0.00114889  0.0011914  -0.00288615  0   0  0  0
0.21  0  5.4075   0  18.1725  0  -0.000210387   0  34.6412  0  0   0  0  0
0.21  1  -0.00060364   0.000255652  -0.00197783  -0.00916022  -0.00411419   0.000109669  -0.00143203  0.00178071  0   0  0  0
0.21  2  0.474915   0.00183707  -0.871629  -0.00261798  -0.00295274   0.679462  -0.584713  0.000248124  0   0  0  0
0.21  3  -0.000720974   0.00143814  0.00197125  0.000292863  -0.000614037   -0.00117971  0.00118978  -0.00287717  0   0  0  0
0.22  0  5.36033   0  17.9295  0  -0.00015937   0  32.7471  0  0   0  0  0
0.22  1  -0.000623832   0.000209088  -0.00202851  -0.00917016  -0.00406948   0.000129844  -0.00150954  0.00147766  0   0  0  0
0.22  2  0.47614   0.00180797  -0.884257  -0.00238598  -0.00286172   0.683281  -0.580041  0.000201528  0   0  0  0
0.22  3  -0.000742084   0.00142665  0.00203453  0.000393463  -0.000572337   -0.00120795  0.00118384  -0.00285991  0   0  0  0
0.23  0  5.31291   0  17.6495  0  -0.000107001   0  31.0221  0  0   0  0  0
0.23  1  -0.000643533   0.000162042  -0.00207557  -0.00916493  -0.00401928   0.000150094  -0.00157926  0.00120277  0   0  0  0
0.23  2  0.477073   0.00177857  -0.8961  -0.00214509  -0.00276469   0.686611  -0.572817  0.000157584  0   0  0  0
0.23  3  -0.000762199   0.00141327  0.00209176  0.000492914  -0.000531249   -0.00123364  0.001174  -0.00283535  0   0  0  0
0.24  0  5.2653   0  17.338  0  -5.36333e-05   0  29.4542  0  0   0  0  0
0.24  1  -0.000662712   0.000114737  -0.00211911  -0.00914519  -0.00396428   0.000170388  -0.00164147  0.000954691  0   0  0  0
0.24  2  0.47774   0.00174895  -0.907177  -0.00189708  -0.00266251   0.689491  -0.563346  0.000116066  0   0  0  0
0.24  3  -0.000781348   0.00139825  0.00214297  0.000590827  -0.000490891   -0.00125682  0.00116067  -0.00280445  0   0  0  0
0.25  0  5.21759   0  17.0004  0  3.79613e-07   0  28.0312  0  0   0  0  0
0.25  1  -0.000681339   6.73965e-05  -0.00215923  -0.00911161  -0.00390517   0.000190694  -0.00169647  0.000732071  0   0  0  0
0.25  2  0.47817   0.00171918  -0.917508  -0.00164367  -0.00255606   0.691958  -0.551938  7.67467e-05  0   0  0  0
0.25  3  -0.000799566   0.00138185  0.00218821  0.000686809  -0.000451382   -0.00127751  0.00114429  -0.0027682  0   0  0  0
0.26  0  5.16985   0  16.6423  0  5.46841e-05   0  26.7412  0  0   0  0  0
0.26  1  -0.000699383   2.02444e-05  -0.00219601  -0.00906485  -0.00384265   0.000210978  -0.00174453  0.000533564  0   0  0  0
0.26  2  0.478388   0.00168934  -0.927109  -0.0013866  -0.00244619   0.694051  -0.5389  3.93988e-05  0   0  0  0
0.26  3  -0.000816882   0.00136432  0.00222748  0.000780471  -0.000412842   -0.00129573  0.00112528  -0.00272756  0   0  0  0
0.27  0  5.12215   0  16.2689  0  0.000108927   0  25.5719  0  0   0  0  0
0.27  1  -0.000716814   -2.64963e-05  -0.00222955  -0.00900559  -0.0037774   0.000231209  -0.00178594  0.000357825  0   0  0  0
0.27  2  0.478422   0.0016595  -0.936002  -0.00112763  -0.00233377   0.695809  -0.524538  3.7956e-06  0   0  0  0
0.27  3  -0.00083333   0.00134593  0.00226082  0.000871421  -0.00037539   -0.00131151  0.00110407  -0.00268351  0   0  0  0
0.28  0  5.07458   0  15.8857  0  0.000162754   0  24.5113  0  0   0  0  0
0.28  1  -0.000733602   -7.26022e-05  -0.00225994  -0.0089345  -0.00371013   0.000251354  -0.00182099  0.000203506  0   0  0  0
0.28  2  0.478301   0.00162973  -0.944204  -0.000868491  -0.00221968   0.697269  -0.50916  -3.02897e-05  0   0  0  0
0.28  3  -0.000848942   0.00132693  0.00228825  0.000959269  -0.000339144   -0.00132489  0.00108107  -0.00263703  0   0  0  0
0.29  0  5.02849   0  15.5977  0  0.000208882   0  23.3942  0  0   0  0  0
0.29  1  -0.000748854   -0.000113399  -0.00228802  -0.00885685  -0.00365391   0.000270843  -0.00184873  6.46987e-05  0   0  0  0
0.29  2  0.478479   0.00160153  -0.951682  -0.000641905  -0.00211958   0.699081  -0.498189  -6.64959e-05  0   0  0  0
0.29  3  -0.000863903   0.00131218  0.00230504  0.00103396  -0.000307163   -0.00133471  0.00106297  -0.00260669  0   0  0  0
0.3  0  4.98302   0  15.3379  0  0.000251996   0  22.3198  0  0   0  0  0
0.3  1  -0.000763168   -0.000151901  -0.00231335  -0.00876996  -0.00360042   0.000290034  -0.00187035  -5.66267e-05  0   0  0  0
0.3  2  0.478672   0.00157394  -0.958493  -0.000427089  -0.00202357   0.70084  -0.488213  -0.000102569  0   0  0  0
0.3  3  -0.000878135   0.0012986  0.00231468  0.00110214  -0.00027743   -0.00134185  0.00104564  -0.00258067  0   0  0  0
0.31  0  4.93785   0  15.0802  0  0.000293945   0  21.3247  0  0   0  0  0
0.31  1  -0.000776786   -0.000189297  -0.00233577  -0.00867302  -0.00354642   0.000309068  -0.0018865  -0.000160369  0   0  0  0
0.31  2  0.478771   0.00154659  -0.964672  -0.000215943  -0.00192782   0.702388  -0.477914  -0.000137652  0   0  0  0
0.31  3  -0.000891619   0.00128496  0.00231871  0.00116647  -0.000249129   -0.00134671  0.00102753  -0.00255434  0   0  0  0
0.32  0  4.893   0  14.8249  0  0.000334734   0  20.4048  0  0   0  0  0
0.32  1  -0.000789722   -0.000225595  -0.00235535  -0.00856648  -0.00349197   0.000327939  -0.00189755  -0.00024764  0   0  0  0
0.32  2  0.478781   0.00151948  -0.97024  -8.60248e-06  -0.00183242   0.703733  -0.467334  -0.000171794  0   0  0  0
0.32  3  -0.000904379   0.0012713  0.00231741  0.00122707  -0.000222227   -0.00134939  0.00100873  -0.00252778  0   0  0  0
0.33  0  4.84846   0  14.5721  0  0.000374369   0  19.5559  0  0   0  0  0
0.33  1  -0.000801992   -0.000260803  -0.00237212  -0.00845076  -0.0034371   0.000346644  -0.00190384  -0.00031955  0   0  0  0
0.33  2  0.478707   0.00149262  -0.975219  0.000194796  -0.00173749   0.70488  -0.456516  -0.000205046  0   0  0  0
0.33  3  -0.00091644   0.00125761  0.00231104  0.00128405  -0.00019669   -0.00134997  0.000989351  -0.00250104  0   0  0  0
0.34  0  4.80426   0  14.3221  0  0.000412855   0  18.774  0  0   0  0  0
0.34  1  -0.000813609   -0.000294928  -0.00238616  -0.00832629  -0.00338187   0.000365179  -0.00190572  -0.000377209  0   0  0  0
0.34  2  0.478553   0.001466  -0.979631  0.000394117  -0.00164311   0.705838  -0.4455  -0.000237458  0   0  0  0
0.34  3  -0.000927825   0.00124394  0.00229988  0.00133752  -0.000172487   -0.00134853  0.000969494  -0.00247419  0   0  0  0
0.35  0  4.7604   0  14.0753  0  0.000450199   0  18.0549  0  0   0  0  0
0.35  1  -0.000824589   -0.000327978  -0.0023975  -0.00819349  -0.00332634   0.000383538  -0.00190354  -0.000421728  0   0  0  0
0.35  2  0.478326   0.00143964  -0.983496  0.000589224  -0.0015494   0.706611  -0.43433  -0.00026908  0   0  0  0
0.35  3  -0.000938559   0.00123028  0.00228421  0.00138759  -0.000149583   -0.00134516  0.00094926  -0.00244729  0   0  0  0
0.36  0  4.71689   0  13.8319  0  0.000486406   0  17.3945  0  0   0  0  0
0.36  1  -0.000834944   -0.000359959  -0.00240621  -0.0080528  -0.00327054   0.000401719  -0.00189763  -0.000454219  0   0  0  0
0.36  2  0.478029   0.00141353  -0.986836  0.000779983  -0.00145644   0.707207  -0.423047  -0.000299961  0   0  0  0
0.36  3  -0.000948665   0.00121665  0.0022643  0.00143437  -0.000127944   -0.00133996  0.000928748  -0.00242039  0   0  0  0
0.37  0  4.67375   0  13.5922  0  0.000521482   0  16.7886  0  0   0  0  0
0.37  1  -0.00084469   -0.00039088  -0.00241234  -0.00790464  -0.00321453   0.000419716  -0.00188836  -0.000475791  0   0  0  0
0.37  2  0.477667   0.00138768  -0.989672  0.000966258  -0.00136433   0.707632  -0.411694  -0.000330152  0   0  0  0
0.37  3  -0.000958167   0.00120308  0.00224042  0.00147797  -0.000107539   -0.001333  0.000908061  -0.00239356  0   0  0  0
0.38  0  4.63098   0  13.3564  0  0.000555433   0  16.233  0  0   0  0  0
0.38  1  -0.000853841   -0.000420748  -0.00241593  -0.00774945  -0.00315836   0.000437525  -0.00187608  -0.000487556  0   0  0  0
0.38  2  0.477247   0.00136208  -0.992027  0.00114791  -0.00127319   0.707893  -0.400313  -0.000359703  0   0  0  0
0.38  3  -0.00096709   0.00118958  0.00221285  0.0015185  -8.83326e-05   -0.00132438  0.000887301  -0.00236687  0   0  0  0
0.39  0  4.58861   0  13.1248  0  0.000588264   0  15.7237  0  0   0  0  0
0.39  1  -0.000862411   -0.00044957  -0.00241706  -0.00758765  -0.00310207   0.000455143  -0.00186112  -0.000490624  0   0  0  0
0.39  2  0.476772   0.00133674  -0.993921  0.00132481  -0.0011831   0.707996  -0.388945  -0.000388663  0   0  0  0
0.39  3  -0.000975457   0.00117617  0.00218186  0.00155607  -7.02927e-05   -0.00131419  0.000866568  -0.00234037  0   0  0  0
0.4  0  4.54663   0  12.8977  0  0.000619982   0  15.2565  0  0   0  0  0
0.4  1  -0.000870415   -0.000477353  -0.00241577  -0.00741967  -0.00304573   0.000472564  -0.00184383  -0.000486105  0   0  0  0
0.4  2  0.476247   0.00131167  -0.995375  0.00149682  -0.00109416   0.707948  -0.377633  -0.000417082  0   0  0  0
0.4  3  -0.000983292   0.00116286  0.00214773  0.0015908  -5.33856e-05   -0.0013025  0.000845964  -0.00231413  0   0  0  0
0.41  0  4.50506   0  12.6753  0  0.000650591   0  14.8273  0  0   0  0  0
0.41  1  -0.000877867   -0.000504106  -0.0024121  -0.00724595  -0.00298937   0.000489785  -0.00182457  -0.000475112  0   0  0  0
0.41  2  0.475678   0.00128687  -0.996412  0.0016638  -0.00100648   0.707755  -0.366419  -0.000445011  0   0  0  0
0.41  3  -0.00099062   0.00114967  0.00211073  0.00162278  -3.75781e-05   -0.00128942  0.000825591  -0.00228821  0   0  0  0
0.42  0  4.46403   0  12.462  0  0.000679936   0  14.4014  0  0   0  0  0
0.42  1  -0.000884805   -0.000529716  -0.0024062  -0.00706907  -0.00293348   0.000506784  -0.00180643  -0.00046775  0   0  0  0
0.42  2  0.475109   0.00126238  -0.997136  0.00182339  -0.000921318   0.707449  -0.355789  -0.000472998  0   0  0  0
0.42  3  -0.000997568   0.00113679  0.00207279  0.00165247  -2.27195e-05   -0.00127546  0.000806596  -0.0022634  0   0  0  0
0.43  0  4.42379   0  12.2653  0  0.000707733   0  13.9204  0  0   0  0  0
0.43  1  -0.000891286   -0.000553979  -0.00239821  -0.00689334  -0.00287887   0.000523526  -0.00179464  -0.000481148  0   0  0  0
0.43  2  0.474618   0.00123831  -0.997716  0.0019715  -0.000840826   0.70708  -0.346575  -0.000501982  0   0  0  0
0.43  3  -0.00100435   0.0011245  0.00203714  0.00168056  -8.56735e-06   -0.00126148  0.000790945  -0.0022411  0   0  0  0
0.44  0  4.38398   0  12.0741  0  0.000734445   0  13.4659  0  0   0  0  0
0.44  1  -0.000897257   -0.000577238  -0.00238801  -0.00671309  -0.00282439   0.000540054  -0.00178184  -0.000491144  0   0  0  0
0.44  2  0.474095   0.00121451  -0.99794  0.00211425  -0.000761855   0.706584  -0.337572  -0.000530611  0   0  0  0
0.44  3  -0.00101069   0.00111238  0.0019994  0.00170624  4.58168e-06   -0.00124635  0.000775799  -0.00221929  0   0  0  0
0.45  0  4.34461   0  11.8881  0  0.000760092   0  13.0367  0  0   0  0  0
0.45  1  -0.000902731   -0.00059951  -0.00237566  -0.00652852  -0.00277004   0.000556368  -0.00176811  -0.000497944  0   0  0  0
0.45  2  0.473543   0.00119097  -0.997821  0.00225171  -0.000684388   0.705968  -0.328778  -0.000558884  0   0  0  0
0.45  3  -0.0010166   0.00110043  0.00195967  0.00172958  1.6749e-05   -0.00123012  0.000761153  -0.00219794  0   0  0  0
0.46  0  4.30567   0  11.7073  0  0.000784698   0  12.6318  0  0   0  0  0
0.46  1  -0.000907719   -0.000620816  -0.0023612  -0.00633985  -0.00271582   0.000572464  -0.0017535  -0.00050175  0   0  0  0
0.46  2  0.472961   0.00116771  -0.997373  0.00238397  -0.000608408   0.705234  -0.32019  -0.000586801  0   0  0  0
0.46  3  -0.0010221   0.00108865  0.00191806  0.00175065  2.79562e-05   -0.00121282  0.000747003  -0.00217705  0   0  0  0
0.47  0  4.26717   0  11.5315  0  0.000808284   0  12.2502  0  0   0  0  0
0.47  1  -0.000912233   -0.000641176  -0.00234466  -0.00614728  -0.00266175   0.00058834  -0.00173811  -0.000502769  0   0  0  0
0.47  2  0.472352   0.0011447  -0.996608  0.00251113  -0.000533897   0.704386  -0.311806  -0.000614363  0   0  0  0
0.47  3  -0.00102721   0.00107704  0.00187468  0.00176954  3.82246e-05   -0.00119451  0.000733347  -0.0021566  0   0  0  0
0.48  0  4.2291   0  11.3606  0  0.000830873   0  11.8908  0  0   0  0  0
0.48  1  -0.000916286   -0.000660608  -0.00232612  -0.00595103  -0.00260783   0.000603993  -0.00172198  -0.000501203  0   0  0  0
0.48  2  0.471715   0.00112196  -0.995539  0.00263328  -0.000460838   0.703429  -0.303623  -0.000641569  0   0  0  0
0.48  3  -0.00103193   0.0010656  0.00182963  0.00178631  4.75757e-05   -0.00117522  0.000720178  -0.00213658  0   0  0  0
0.49  0  4.19147   0  11.1944  0  0.000852486   0  11.5525  0  0   0  0  0
0.49  1  -0.000919889   -0.000679133  -0.0023056  -0.00575131  -0.00255406   0.000619422  -0.00170521  -0.000497258  0   0  0  0
0.49  2  0.471052   0.00109948  -0.994181  0.0027505  -0.000389215   0.702367  -0.295639  -0.000668418  0   0  0  0
0.49  3  -0.00103628   0.00105434  0.00178301  0.00180105  5.6031e-05   -0.001155  0.000707495  -0.00211697  0   0  0  0
0.5  0  4.15426   0  11.0328  0  0.000873147   0  11.2343  0  0   0  0  0
0.5  1  -0.000923055   -0.000696769  -0.00228316  -0.00554832  -0.00250045   0.000634623  -0.00168786  -0.000491138  0   0  0  0
0.5  2  0.470364   0.00107725  -0.992545  0.00286288  -0.000319009   0.701203  -0.287851  -0.00069491  0   0  0  0
0.5  3  -0.00104027   0.00104326  0.00173495  0.00181383  6.36119e-05   -0.0011339  0.000695291  -0.00209778  0   0  0  0
0.51  0  4.11748   0  10.8756  0  0.000892876   0  10.9351  0  0   0  0  0
0.51  1  -0.000925794   -0.000713536  -0.00225884  -0.00534228  -0.00244701   0.000649593  -0.00167  -0.000483047  0   0  0  0
0.51  2  0.469651   0.00105527  -0.990644  0.0029705  -0.000250205   0.699943  -0.280256  -0.000721045  0   0  0  0
0.51  3  -0.00104391   0.00103235  0.00168553  0.00182473  7.03398e-05   -0.00111195  0.000683564  -0.00207897  0   0  0  0
0.52  0  4.08113   0  10.7227  0  0.000911696   0  10.6538  0  0   0  0  0
0.52  1  -0.000928121   -0.000729454  -0.00223269  -0.0051334  -0.00239374   0.000664332  -0.0016517  -0.000473189  0   0  0  0
0.52  2  0.468915   0.00103355  -0.988493  0.00307347  -0.000182784   0.698589  -0.272852  -0.000746822  0   0  0  0
0.52  3  -0.00104722   0.00102161  0.00163488  0.00183383  7.62362e-05   -0.00108921  0.00067231  -0.00206054  0   0  0  0
0.53  0  4.0452   0  10.574  0  0.000929629   0  10.3895  0  0   0  0  0
0.53  1  -0.000930045   -0.000744541  -0.00220477  -0.00492188  -0.00234065   0.000678835  -0.00163304  -0.000461769  0   0  0  0
0.53  2  0.468156   0.00101207  -0.986104  0.00317186  -0.000116731   0.697146  -0.265635  -0.000772242  0   0  0  0
0.53  3  -0.00105022   0.00101106  0.00158309  0.00184119  8.13225e-05   -0.00106571  0.000661523  -0.00204248  0   0  0  0
0.54  0  4.00969   0  10.4293  0  0.000946698   0  10.1409  0  0   0  0  0
0.54  1  -0.00093158   -0.000758819  -0.00217511  -0.00470794  -0.00228774   0.000693101  -0.00161408  -0.000448991  0   0  0  0
0.54  2  0.467376   0.000990831  -0.983489  0.00326576  -5.20267e-05   0.695618  -0.258605  -0.000797304  0   0  0  0
0.54  3  -0.00105291   0.00100068  0.00153028  0.00184691  8.56203e-05   -0.0010415  0.000651201  -0.00202476  0   0  0  0
0.55  0  3.97461   0  10.2885  0  0.000962924   0  9.90712  0  0   0  0  0
0.55  1  -0.000932737   -0.000772305  -0.00214376  -0.00449179  -0.00223503   0.000707127  -0.00159491  -0.00043506  0   0  0  0
0.55  2  0.466575   0.000969837  -0.980663  0.00335527  1.13447e-05   0.69401  -0.251757  -0.000822008  0   0  0  0
0.55  3  -0.00105531   0.000990487  0.00147654  0.00185105  8.9151e-05   -0.00101662  0.000641339  -0.00200739  0   0  0  0
0.56  0  3.93995   0  10.1514  0  0.00097833   0  9.68702  0  0   0  0  0
0.56  1  -0.000933528   -0.000785019  -0.00211077  -0.00427364  -0.00218252   0.000720911  -0.00157558  -0.00042018  0   0  0  0
0.56  2  0.465754   0.000949082  -0.977638  0.00344047  7.34006e-05   0.692325  -0.245089  -0.000846353  0   0  0  0
0.56  3  -0.00105744   0.000980472  0.001422  0.00185369  9.19359e-05   -0.000991117  0.000631934  -0.00199035  0   0  0  0
0.57  0  3.9057   0  10.0179  0  0.000992937   0  9.47956  0  0   0  0  0
0.57  1  -0.000933966   -0.000796982  -0.00207619  -0.00405369  -0.00213021   0.00073445  -0.00155617  -0.000404556  0   0  0  0
0.57  2  0.464914   0.000928564  -0.974427  0.00352144  0.000134158   0.690567  -0.2386  -0.000870339  0   0  0  0
0.57  3  -0.0010593   0.000970641  0.00136675  0.00185492  9.39966e-05   -0.000965037  0.00062298  -0.00197361  0   0  0  0
0.58  0  3.87188   0  9.88786  0  0.00100677   0  9.28367  0  0   0  0  0
0.58  1  -0.000934062   -0.000808211  -0.00204007  -0.00383216  -0.00207811   0.000747741  -0.00153676  -0.00038839  0   0  0  0
0.58  2  0.464056   0.000908278  -0.971044  0.00359829  0.000193634   0.68874  -0.232285  -0.000893965  0   0  0  0
0.58  3  -0.00106091   0.000960992  0.0013109  0.00185479  9.53545e-05   -0.000938422  0.000614475  -0.00195718  0   0  0  0
0.59  0  3.83858   0  9.75817  0  0.00102023   0  9.06465  0  0   0  0  0
0.59  1  -0.000933992   -0.000818876  -0.00200241  -0.00361367  -0.00202633   0.000760622  -0.00152025  -0.000379845  0   0  0  0
0.59  2  0.463202   0.000888257  -0.967818  0.00367186  0.000251771   0.686928  -0.226197  -0.000917157  0   0  0  0
0.59  3  -0.00106265   0.000951576  0.00125748  0.0018548  9.62432e-05   -0.000912352  0.000606698  -0.0019408  0   0  0  0
0.6  0  3.80573   0  9.63091  0  0.00103306   0  8.84657  0  0   0  0  0
0.6  1  -0.000933647   -0.000828884  -0.00196329  -0.00339512  -0.0019748   0.00077321  -0.0015046  -0.00037318  0   0  0  0
0.6  2  0.462337   0.000868472  -0.964527  0.00374166  0.000308641   0.685076  -0.220294  -0.00093997  0   0  0  0
0.6  3  -0.00106426   0.000942357  0.00120442  0.00185396  9.65257e-05   -0.000886097  0.000599432  -0.00192463  0   0  0  0
0.61  0  3.77329   0  9.50671  0  0.00104516   0  8.63746  0  0   0  0  0
0.61  1  -0.000932993   -0.000838215  -0.00192276  -0.00317554  -0.0019235   0.000785547  -0.00148911  -0.000366453  0   0  0  0
0.61  2  0.461456   0.000848912  -0.961096  0.00380759  0.000364282   0.683167  -0.214556  -0.000962424  0   0  0  0
0.61  3  -0.00106566   0.000933324  0.00115104  0.00185198  9.61661e-05   -0.000859422  0.000592597  -0.00190873  0   0  0  0
0.62  0  3.74126   0  9.38552  0  0.00105657   0  8.43701  0  0   0  0  0
0.62  1  -0.000932038   -0.000846885  -0.00188089  -0.00295505  -0.00187243   0.000797632  -0.00147379  -0.000359684  0   0  0  0
0.62  2  0.46056   0.000829573  -0.957533  0.00386971  0.000418714   0.681201  -0.208981  -0.00098452  0   0  0  0
0.62  3  -0.00106684   0.000924477  0.00109736  0.00184891  9.5181e-05   -0.000832345  0.000586183  -0.00189308  0   0  0  0
0.63  0  3.70962   0  9.26726  0  0.00106729   0  8.24494  0  0   0  0  0
0.63  1  -0.000930792   -0.000854911  -0.0018377  -0.00273375  -0.00182159   0.000809467  -0.00145864  -0.000352895  0   0  0  0
0.63  2  0.45965   0.000810451  -0.953842  0.00392809  0.000471955   0.679183  -0.203565  -0.00100626  0   0  0  0
0.63  3  -0.00106782   0.000915816  0.00104344  0.00184479  9.35871e-05   -0.000804887  0.000580179  -0.00187769  0   0  0  0
0.64  0  3.67839   0  9.15185  0  0.00107733   0  8.06097  0  0   0  0  0
0.64  1  -0.000929261   -0.000862307  -0.00179326  -0.00251175  -0.00177099   0.000821054  -0.00144366  -0.000346107  0   0  0  0
0.64  2  0.458725   0.000791544  -0.95003  0.0039828  0.000524023   0.677113  -0.198304  -0.00102765  0   0  0  0
0.64  3  -0.0010686   0.00090734  0.000989301  0.00183967  9.14007e-05   -0.000777068  0.000574575  -0.00186254  0   0  0  0
0.65  0  3.64755   0  9.03922  0  0.00108671   0  7.88481  0  0   0  0  0
0.65  1  -0.000927454   -0.000869091  -0.00174761  -0.00228916  -0.00172063   0.000832394  -0.00142887  -0.00033934  0   0  0  0
0.65  2  0.457786   0.000772848  -0.946102  0.00403391  0.000574939   0.674995  -0.193193  -0.00104868  0   0  0  0
0.65  3  -0.00106918   0.00089905  0.000934997  0.00183359  8.86387e-05   -0.000748907  0.000569359  -0.00184762  0   0  0  0
0.66  0  3.6171   0  8.92929  0  0.00109543   0  7.71617  0  0   0  0  0
0.66  1  -0.000925379   -0.000875278  -0.0017008  -0.00206609  -0.00167052   0.000843488  -0.00141427  -0.000332616  0   0  0  0
0.66  2  0.456834   0.000754359  -0.942064  0.0040815  0.00062472   0.67283  -0.18823  -0.00106936  0   0  0  0
0.66  3  -0.00106957   0.000890946  0.000880562  0.00182659  8.53174e-05   -0.000720426  0.000564522  -0.00183293  0   0  0  0
0.67  0  3.58703   0  8.822  0  0.00110352   0  7.55476  0  0   0  0  0
0.67  1  -0.000923045   -0.000880885  -0.00165287  -0.00184265  -0.00162066   0.000854337  -0.00139987  -0.000325957  0   0  0  0
0.67  2  0.455869   0.000736074  -0.937922  0.00412564  0.000673386   0.67062  -0.18341  -0.00108969  0   0  0  0
0.67  3  -0.00106977   0.000883028  0.000826037  0.00181872  8.14534e-05   -0.000691644  0.000560052  -0.00181847  0   0  0  0
0.68  0  3.55735   0  8.71727  0  0.00111099   0  7.40029  0  0   0  0  0
0.68  1  -0.00092046   -0.000885927  -0.00160388  -0.00161894  -0.00157105   0.000864942  -0.00138566  -0.000319383  0   0  0  0
0.68  2  0.454891   0.000717989  -0.933681  0.00416639  0.000720955   0.668369  -0.178729  -0.00110967  0   0  0  0
0.68  3  -0.00106979   0.000875295  0.000771461  0.00181002  7.70634e-05   -0.000662581  0.00055594  -0.00180421  0   0  0  0
0.69  0  3.52804   0  8.61502  0  0.00111785   0  7.25248  0  0   0  0  0
0.69  1  -0.000917631   -0.00089042  -0.00155388  -0.00139507  -0.0015217   0.000875305  -0.00137167  -0.000312915  0   0  0  0
0.69  2  0.453901   0.000700102  -0.929348  0.00420383  0.000767446   0.666078  -0.174184  -0.00112931  0   0  0  0
0.69  3  -0.00106963   0.000867748  0.000716872  0.00180054  7.21639e-05   -0.000633257  0.000552174  -0.00179016  0   0  0  0
0.7  0  3.4991   0  8.51518  0  0.00112411   0  7.11104  0  0   0  0  0
0.7  1  -0.000914568   -0.000894381  -0.0015029  -0.00117116  -0.00147261   0.000885427  -0.00135789  -0.000306575  0   0  0  0
0.7  2  0.4529   0.000682407  -0.924928  0.00423802  0.000812878   0.663749  -0.16977  -0.0011486  0   0  0  0
0.7  3  -0.0010693   0.000860387  0.000662312  0.00179033  6.67714e-05   -0.000603692  0.000548744  -0.00177631  0   0  0  0
0.71  0  3.47053   0  8.41767  0  0.00112979   0  6.97568  0  0   0  0  0
0.71  1  -0.000911278   -0.000897825  -0.00145101  -0.000947317  -0.00142379   0.000895309  -0.00134433  -0.000300384  0   0  0  0
0.71  2  0.451887   0.000664902  -0.920427  0.00426904  0.00085727   0.661385  -0.165484  -0.00116754  0   0  0  0
0.71  3  -0.0010688   0.000853211  0.000607818  0.00177942  6.09026e-05   -0.000573906  0.00054564  -0.00176265  0   0  0  0
0.72  0  3.44233   0  8.32243  0  0.0011349   0  6.84612  0  0   0  0  0
0.72  1  -0.000907769   -0.000900768  -0.00139824  -0.000723642  -0.00137523   0.000904952  -0.001331  -0.000294363  0   0  0  0
0.72  2  0.450863   0.000647584  -0.91585  0.00429697  0.000900641   0.658988  -0.161322  -0.00118614  0   0  0  0
0.72  3  -0.00106814   0.000846221  0.000553432  0.00176786  5.4574e-05   -0.000543919  0.00054285  -0.00174918  0   0  0  0
0.73  0  3.41449   0  8.22938  0  0.00113945   0  6.72205  0  0   0  0  0
0.73  1  -0.00090405   -0.000903227  -0.00134465  -0.000500248  -0.00132695   0.000914357  -0.0013179  -0.000288533  0   0  0  0
0.73  2  0.449829   0.000630449  -0.911204  0.00432186  0.00094301   0.65656  -0.15728  -0.0012044  0   0  0  0
0.73  3  -0.00106732   0.000839417  0.000499191  0.0017557  4.78021e-05   -0.000513751  0.000540365  -0.00173587  0   0  0  0
0.74  0  3.387   0  8.13845  0  0.00114346   0  6.60321  0  0   0  0  0
0.74  1  -0.000900128   -0.000905218  -0.00129028  -0.000277243  -0.00127894   0.000923526  -0.00130505  -0.000282916  0   0  0  0
0.74  2  0.448785   0.000613493  -0.906494  0.00434379  0.000984395   0.654103  -0.153354  -0.00122232  0   0  0  0
0.74  3  -0.00106635   0.000832798  0.000445137  0.00174298  4.06036e-05   -0.000483423  0.000538174  -0.00172274  0   0  0  0
0.75  0  3.35986   0  8.04955  0  0.00114693   0  6.4893  0  0   0  0  0
0.75  1  -0.000896013   -0.000906756  -0.00123519  -5.4736e-05  -0.00123122   0.00093246  -0.00129243  -0.000277532  0   0  0  0
0.75  2  0.447732   0.000596713  -0.901726  0.00436284  0.00102482   0.65162  -0.14954  -0.00123991  0   0  0  0
0.75  3  -0.00106523   0.000826364  0.000391307  0.00172975  3.2995e-05   -0.000452953  0.000536266  -0.00170977  0   0  0  0
0.76  0  3.33307   0  7.96263  0  0.00114989   0  6.38003  0  0   0  0  0
0.76  1  -0.000891712   -0.000907858  -0.00117942  0.000167163  -0.00118377   0.00094116  -0.00128007  -0.000272402  0   0  0  0
0.76  2  0.44667   0.000580106  -0.896905  0.00437907  0.00106429   0.649113  -0.145835  -0.00125715  0   0  0  0
0.76  3  -0.00106397   0.000820116  0.000337743  0.00171605  2.49928e-05   -0.000422363  0.00053463  -0.00169694  0   0  0  0
0.77  0  3.30663   0  7.8776  0  0.00115235   0  6.27511  0  0   0  0  0
0.77  1  -0.000887233   -0.00090854  -0.00112301  0.000388346  -0.00113662   0.000949628  -0.00126796  -0.000267549  0   0  0  0
0.77  2  0.445599   0.000563667  -0.892038  0.00439255  0.00110284   0.646584  -0.142234  -0.00127406  0   0  0  0
0.77  3  -0.00106257   0.000814053  0.000284483  0.00170192  1.66137e-05   -0.000391672  0.000533257  -0.00168427  0   0  0  0
0.78  0  3.28052   0  7.79391  0  0.00115437   0  6.17194  0  0   0  0  0
0.78  1  -0.000882624   -0.000908886  -0.00106623  0.000607927  -0.00108978   0.000957851  -0.00125624  -0.000263296  0   0  0  0
0.78  2  0.444521   0.000547382  -0.887175  0.00440359  0.00114055   0.644051  -0.138713  -0.00129061  0   0  0  0
0.78  3  -0.00106108   0.000808196  0.000231875  0.00168769  7.93564e-06   -0.000361035  0.000532082  -0.00167167  0   0  0  0
0.79  0  3.25473   0  7.70928  0  0.00115621   0  6.05958  0  0   0  0  0
0.79  1  -0.000878073   -0.00090923  -0.00101008  0.00082221  -0.00104339   0.000965771  -0.00124542  -0.000261064  0   0  0  0
0.79  2  0.443447   0.000531191  -0.882528  0.00441338  0.00117776   0.641588  -0.135164  -0.00130672  0   0  0  0
0.79  3  -0.00105966   0.000802631  0.000181385  0.00167464  -7.41183e-07   -0.000331088  0.000530852  -0.00165886  0   0  0  0
0.8  0  3.22928   0  7.62633  0  0.00115758   0  5.9507  0  0   0  0  0
0.8  1  -0.00087337   -0.000909201  -0.000953445  0.00103545  -0.000997306   0.000973463  -0.00123488  -0.000259172  0   0  0  0
0.8  2  0.442365   0.000515159  -0.877851  0.00442064  0.00121411   0.639111  -0.131708  -0.00132249  0   0  0  0
0.8  3  -0.00105812   0.000797253  0.000131318  0.0016613  -9.74518e-06   -0.000301101  0.000529853  -0.00164617  0   0  0  0
0.81  0  3.20415   0  7.54502  0  0.00115849   0  5.84522  0  0   0  0  0
0.81  1  -0.000868519   -0.000908811  -0.000896352  0.0012476  -0.000951518   0.000980927  -0.00122461  -0.000257615  0   0  0  0
0.81  2  0.441276   0.000499282  -0.873147  0.0044254  0.0012496   0.63662  -0.128344  -0.00133794  0   0  0  0
0.81  3  -0.00105646   0.000792058  8.1687e-05  0.00164769  -1.90651e-05   -0.000271082  0.000529078  -0.0016336  0   0  0  0
0.82  0  3.17934   0  7.46531  0  0.00115897   0  5.74306  0  0   0  0  0
0.82  1  -0.000863524   -0.000908068  -0.000838833  0.00145863  -0.000906032   0.000988167  -0.00121461  -0.000256387  0   0  0  0
0.82  2  0.44018   0.000483559  -0.868418  0.00442774  0.00128425   0.634115  -0.125068  -0.00135306  0   0  0  0
0.82  3  -0.00105468   0.000787045  3.25048e-05  0.00163383  -2.86897e-05   -0.000241039  0.000528521  -0.00162115  0   0  0  0
0.83  0  3.15485   0  7.38718  0  0.001159   0  5.64412  0  0   0  0  0
0.83  1  -0.000858391   -0.000906984  -0.000780919  0.00166849  -0.000860849   0.000995185  -0.00120487  -0.000255484  0   0  0  0
0.83  2  0.439078   0.000467988  -0.863666  0.00442769  0.00131806   0.631597  -0.12188  -0.00136786  0   0  0  0
0.83  3  -0.00105278   0.000782212  -1.62158e-05  0.00161975  -3.86078e-05   -0.000210981  0.000528177  -0.00160881  0   0  0  0
0.84  0  3.13068   0  7.31059  0  0.0011586   0  5.54832  0  0   0  0  0
0.84  1  -0.000853124   -0.000905568  -0.00072264  0.00187713  -0.000815971   0.00100198  -0.0011954  -0.0002549  0   0  0  0
0.84  2  0.43797   0.000452565  -0.858891  0.00442531  0.00135105   0.629068  -0.118777  -0.00138234  0   0  0  0
0.84  3  -0.00105076   0.000777558  -6.44622e-05  0.00160545  -4.88081e-05   -0.000180916  0.000528038  -0.00159659  0   0  0  0
0.85  0  3.10681   0  7.23551  0  0.00115779   0  5.45557  0  0   0  0  0
0.85  1  -0.000847727   -0.00090383  -0.000664026  0.00208453  -0.000771398   0.00100856  -0.00118618  -0.00025463  0   0  0  0
0.85  2  0.436855   0.000437289  -0.854098  0.00442064  0.00138324   0.626528  -0.115757  -0.0013965  0   0  0  0
0.85  3  -0.00104863   0.000773081  -0.000112221  0.00159098  -5.92793e-05   -0.000150853  0.0005281  -0.00158448  0   0  0  0
0.86  0  3.08325   0  7.16191  0  0.00115656   0  5.36578  0  0   0  0  0
0.86  1  -0.000842207   -0.000901781  -0.000605107  0.00229063  -0.000727133   0.00101493  -0.00117722  -0.000254669  0   0  0  0
0.86  2  0.435735   0.000422156  -0.849286  0.00441375  0.00141463   0.623978  -0.112818  -0.00141035  0   0  0  0
0.86  3  -0.00104639   0.000768779  -0.000159481  0.00157633  -7.00103e-05   -0.0001208  0.000528356  -0.00157248  0   0  0  0
0.87  0  3.06   0  7.08975  0  0.00115494   0  5.27887  0  0   0  0  0
0.87  1  -0.000836566   -0.00089943  -0.000545914  0.0024954  -0.000683176   0.00102108  -0.0011685  -0.000255012  0   0  0  0
0.87  2  0.43461   0.000407165  -0.844459  0.00440466  0.00144524   0.62142  -0.109959  -0.0014239  0   0  0  0
0.87  3  -0.00104403   0.00076465  -0.000206228  0.00156155  -8.09898e-05   -9.0765e-05  0.0005288  -0.00156059  0   0  0  0
0.88  0  3.03704   0  7.019  0  0.00115292   0  5.19475  0  0   0  0  0
0.88  1  -0.000830812   -0.000896788  -0.000486478  0.00269879  -0.00063953   0.00102702  -0.00116004  -0.000255654  0   0  0  0
0.88  2  0.433479   0.000392313  -0.839617  0.00439345  0.00147509   0.618853  -0.107177  -0.00143714  0   0  0  0
0.88  3  -0.00104157   0.000760693  -0.00025245  0.00154664  -9.22065e-05   -6.07571e-05  0.000529427  -0.00154881  0   0  0  0
0.89  0  3.01437   0  6.94964  0  0.00115051   0  5.11333  0  0   0  0  0
0.89  1  -0.000824947   -0.000893864  -0.000426827  0.00290077  -0.000596195   0.00103276  -0.00115181  -0.00025659  0   0  0  0
0.89  2  0.432344   0.000377598  -0.834764  0.00438015  0.00150417   0.616279  -0.10447  -0.00145007  0   0  0  0
0.89  3  -0.001039   0.000756907  -0.000298133  0.00153163  -0.000103649   -3.07845e-05  0.000530229  -0.00153712  0   0  0  0
0.9  0  2.992   0  6.88162  0  0.00114773   0  5.03453  0  0   0  0  0
0.9  1  -0.000818977   -0.00089067  -0.000366993  0.00310128  -0.000553173   0.00103829  -0.00114383  -0.000257814  0   0  0  0
0.9  2  0.431204   0.000363017  -0.8299  0.00436481  0.00153252   0.613699  -0.101837  -0.00146271  0   0  0  0
0.9  3  -0.00103632   0.000753289  -0.000343266  0.00151654  -0.000115307   -8.55599e-07  0.000531202  -0.00152554  0   0  0  0
0.91  0  2.96991   0  6.81491  0  0.00114458   0  4.95825  0  0   0  0  0
0.91  1  -0.000812906   -0.000887214  -0.000307006  0.00330029  -0.000510465   0.00104361  -0.00113608  -0.000259321  0   0  0  0
0.91  2  0.43006   0.000348568  -0.825028  0.00434749  0.00156013   0.611113  -0.099275  -0.00147505  0   0  0  0
0.91  3  -0.00103354   0.000749837  -0.000387835  0.0015014  -0.000127168   2.90212e-05  0.000532339  -0.00151406  0   0  0  0
0.92  0  2.9481   0  6.74949  0  0.00114107   0  4.88441  0  0   0  0  0
0.92  1  -0.000806741   -0.000883506  -0.000246895  0.00349776  -0.000468073   0.00104874  -0.00112856  -0.000261107  0   0  0  0
0.92  2  0.428912   0.000334248  -0.82015  0.00432824  0.00158703   0.608522  -0.0967827  -0.00148709  0   0  0  0
0.92  3  -0.00103066   0.000746551  -0.000431828  0.00148621  -0.000139221   5.88373e-05  0.000533634  -0.00150267  0   0  0  0
0.93  0  2.92657   0  6.68532  0  0.00113722   0  4.81292  0  0   0  0  0
0.93  1  -0.000800484   -0.000879558  -0.000186692  0.00369365  -0.000425997   0.00105366  -0.00112127  -0.000263166  0   0  0  0
0.93  2  0.42776   0.000320055  -0.815267  0.00430711  0.00161322   0.605928  -0.094358  -0.00149885  0   0  0  0
0.93  3  -0.00102768   0.000743428  -0.000475232  0.00147101  -0.000151455   8.85846e-05  0.000535081  -0.00149138  0   0  0  0
0.94  0  2.90532   0  6.62236  0  0.00113302   0  4.74369  0  0   0  0  0
0.94  1  -0.000794141   -0.000875379  -0.000126427  0.00388791  -0.000384241   0.00105839  -0.0011142  -0.000265493  0   0  0  0
0.94  2  0.426604   0.000305986  -0.810382  0.00428414  0.00163872   0.603331  -0.091999  -0.00151032  0   0  0  0
0.94  3  -0.00102459   0.000740467  -0.000518034  0.00145581  -0.000163859   0.000118254  0.000536675  -0.00148018  0   0  0  0
0.95  0  2.88433   0  6.56059  0  0.00112849   0  4.67665  0  0   0  0  0
0.95  1  -0.000787717   -0.00087098  -6.61292e-05  0.0040805  -0.000342804   0.00106292  -0.00110735  -0.000268082  0   0  0  0
0.95  2  0.425446   0.000292039  -0.805496  0.00425939  0.00166354   0.600732  -0.0897036  -0.00152151  0   0  0  0
0.95  3  -0.00102142   0.000737665  -0.000560222  0.00144064  -0.000176422   0.000147838  0.000538408  -0.00146907  0   0  0  0
0.96  0  2.86361   0  6.49997  0  0.00112364   0  4.61169  0  0   0  0  0
0.96  1  -0.000781217   -0.000866369  -5.82963e-06  0.00427139  -0.000301689   0.00106726  -0.00110072  -0.00027093  0   0  0  0
0.96  2  0.424284   0.000278212  -0.800612  0.0042329  0.0016877   0.598133  -0.0874699  -0.00153242  0   0  0  0
0.96  3  -0.00101814   0.000735022  -0.000601782  0.00142551  -0.000189132   0.000177328  0.000540276  -0.00145804  0   0  0  0
0.97  0  2.84316   0  6.44047  0  0.00111847   0  4.54874  0  0   0  0  0
0.97  1  -0.000774645   -0.000861558  5.44417e-05  0.00446052  -0.000260896   0.00107142  -0.0010943  -0.000274031  0   0  0  0
0.97  2  0.42312   0.000264502  -0.79573  0.00420474  0.0017112   0.595532  -0.0852959  -0.00154305  0   0  0  0
0.97  3  -0.00101477   0.000732536  -0.000642702  0.00141045  -0.000201978   0.000206715  0.000542272  -0.00144711  0   0  0  0
0.98  0  2.82296   0  6.38206  0  0.001113   0  4.4877  0  0   0  0  0
0.98  1  -0.000768006   -0.000856556  0.000114654  0.00464787  -0.000220427   0.00107538  -0.00108809  -0.000277379  0   0  0  0
0.98  2  0.421953   0.000250907  -0.790854  0.00417493  0.00173406   0.592933  -0.0831798  -0.0015534  0   0  0  0
0.98  3  -0.00101132   0.000730204  -0.00068297  0.00139548  -0.000214949   0.000235991  0.000544389  -0.00143625  0   0  0  0
0.99  0  2.80301   0  6.3247  0  0.00110723   0  4.42848  0  0   0  0  0
0.99  1  -0.000761306   -0.000851374  0.000174778  0.00483337  -0.000180284   0.00107916  -0.00108209  -0.000280969  0   0  0  0
0.99  2  0.420784   0.000237424  -0.785984  0.00414355  0.00175629   0.590335  -0.0811195  -0.00156349  0   0  0  0
0.99  3  -0.00100777   0.000728025  -0.000722571  0.00138062  -0.000228033   0.000265148  0.000546624  -0.00142548  0   0  0  0
1  0  2.78331   0  6.26837  0  0.00110117   0  4.37101  0  0   0  0  0
1  1  -0.000754548   -0.000846021  0.000234783  0.00501701  -0.000140467   0.00108276  -0.00107629  -0.000284797  0   0  0  0
1  2  0.419614   0.000224051  -0.781123  0.00411063  0.00177791   0.58774  -0.079113  -0.00157331  0   0  0  0
1  3  -0.00100413   0.000725998  -0.000761495  0.00136589  -0.00024122   0.000294177  0.000548968  -0.00141479  0   0  0  0
1.01  0  2.76386   0  6.21303  0  0.00109483   0  4.31519  0  0   0  0  0
1.01  1  -0.000747737   -0.000840508  0.000294639  0.00519873  -0.000100979   0.00108618  -0.00107068  -0.000288856  0   0  0  0
1.01  2  0.418441   0.000210785  -0.776273  0.00407623  0.00179892   0.585148  -0.0771586  -0.00158287  0   0  0  0
1.01  3  -0.0010004   0.000724121  -0.000799727  0.00135131  -0.000254498   0.000323069  0.000551416  -0.00140417  0   0  0  0
